[0.0, 0.005, 1.0, 0.1, 0.003, 0.0, 5000.0]
r= 0.136

[0.0, 0.005, 1.0, 0.1, 0.005, 0.0, 5000.0]
r= 0.168

[0.0, 0.005, 1.0, 0.1, 0.01, 0.0, 5000.0]
r= 0.166

[0.0, 0.005, 1.2, 0.1, 0.003, 0.0, 5000.0]
r= 0.126

[0.0, 0.005, 1.2, 0.1, 0.005, 0.0, 5000.0]
r= 0.164

[0.0, 0.005, 1.2, 0.1, 0.01, 0.0, 5000.0]
r= 0.163

[0.0, 0.005, 1.4, 0.1, 0.003, 0.0, 5000.0]
r= 0.112

[0.0, 0.005, 1.4, 0.1, 0.005, 0.0, 5000.0]
r= 0.141

[0.0, 0.005, 1.4, 0.1, 0.01, 0.0, 5000.0]
r= 0.144

[0.0, 0.005, 1.5, 0.1, 0.003, 0.0, 5000.0]
r= 0.111

[0.0, 0.005, 1.5, 0.1, 0.005, 0.0, 5000.0]
r= 0.144

[0.0, 0.005, 1.5, 0.1, 0.01, 0.0, 5000.0]
r= 0.159

[0.0, 0.005, 1.6, 0.1, 0.003, 0.0, 5000.0]
r= 0.117

[0.0, 0.005, 1.6, 0.1, 0.005, 0.0, 5000.0]
r= 0.132

