9515
3940
2951
2361
1853
1611
1304
1110
1019
855
767
727
623
542
562
468
446
400
387
346
328
303
264
261
260
233
216
217
199
188
144
176
144
141
154
116
129
110
100
102
83
89
74
93
88
87
77
72
53
74
50
60
49
49
54
50
39
30
41
30
42
36
40
29
29
23
20
30
22
22
13
19
17
17
18
15
21
13
13
11
16
13
14
16
16
7
12
11
8
7
15
9
12
6
7
2
9
10
9
8
3
7
6
5
3
6
6
3
5
2
7
8
8
8
4
3
4
3
2
4
3
6
1
2
2
3
6
2
1
2
3
6
4
3
3
5
2
4
2
2
1
1
5
0
1
3
2
3
2
3
2
1
2
0
3
4
1
2
1
1
0
1
0
3
1
0
1
0
1
1
1
0
1
0
1
1
1
1
1
2
0
2
0
1
0
0
1
1
1
0
1
2
1
2
0
0
0
1
0
37
